300W_indoor/000000.png 37 32 39 57 41 86 50 110 59 133 75 155 91 172 108 189 134 195 157 190 176 175 191 150 201 129 208 112 215 91 219 63 219 34 59 57 73 48 88 53 104 58 117 66 151 62 164 56 178 48 195 44 207 50 136 81 136 95 136 111 136 125 116 129 126 133 137 135 145 133 155 128 74 73 85 69 98 71 111 79 98 81 85 81 158 77 168 67 182 66 193 70 183 77 170 77 103 157 118 151 128 150 137 152 147 149 157 151 167 152 159 167 149 178 138 180 129 180 117 174 108 158 129 160 137 159 147 157 163 154 148 165 137 168 129 167
300W_indoor/000001.png 36 48 39 78 51 109 56 136 67 161 80 180 101 195 122 205 144 206 166 199 182 184 195 162 208 140 216 111 215 87 217 62 219 34 51 60 64 49 83 51 99 58 115 61 146 59 156 52 171 41 189 35 203 41 125 69 127 85 128 102 130 119 114 126 123 128 132 130 140 126 151 122 67 65 79 62 91 63 105 72 91 72 78 72 148 65 162 55 173 53 184 55 175 63 163 64 102 158 115 148 128 144 138 147 147 142 161 144 174 147 161 157 149 163 139 165 129 164 116 162 107 156 128 153 138 155 148 151 167 148 148 151 138 155 128 153
300W_indoor/000002.png 36 71 38 94 39 116 47 138 57 158 70 174 83 188 99 202 122 209 144 205 164 195 185 184 205 169 215 149 219 122 219 97 219 75 41 54 48 42 60 36 73 36 83 42 136 42 148 36 168 35 188 38 198 48 109 66 109 80 108 97 108 114 92 123 101 127 110 127 120 124 132 122 51 63 64 58 78 58 91 67 78 68 63 69 136 67 151 57 165 57 177 61 165 67 151 67 75 140 92 141 103 141 113 142 126 140 144 140 167 138 145 155 128 163 114 166 103 165 91 156 82 141 103 151 113 149 128 149 162 141 128 149 113 152 103 151
helen/000003.png 36 97 38 120 42 139 50 157 62 173 78 190 99 205 121 217 143 218 164 214 182 201 198 185 212 166 219 144 219 119 219 93 217 67 47 71 56 59 71 52 88 51 103 55 132 51 150 40 166 36 184 40 197 49 119 75 121 88 123 102 124 116 111 132 121 134 130 134 138 130 145 126 68 87 75 80 89 78 102 83 91 89 78 92 144 77 156 66 168 64 177 67 171 75 160 78 103 165 112 155 123 152 131 152 141 150 152 150 165 157 154 167 146 173 134 175 125 174 116 171 109 163 124 160 132 160 142 159 159 158 142 159 132 160 124 160
helen/000004.png 37 84 44 104 51 122 60 144 71 161 89 176 105 185 119 191 137 191 153 188 170 175 186 162 200 146 207 122 214 100 216 77 219 57 45 65 52 50 67 43 84 43 101 48 131 45 146 37 162 32 179 32 194 40 120 65 122 80 124 95 126 111 107 119 118 120 129 120 139 116 150 112 63 73 72 66 85 65 96 72 85 76 72 78 146 67 156 54 170 54 181 58 173 65 160 67 101 148 110 136 120 131 128 132 139 129 150 133 158 144 153 148 143 154 131 157 122 156 111 153 107 148 121 140 129 140 140 139 153 144 140 142 129 144 121 144
helen/000005.png 36 48 41 75 46 99 52 120 63 139 82 155 104 168 125 180 146 179 164 173 180 156 194 139 207 119 215 99 218 82 219 65 219 44 55 45 72 41 88 40 107 41 123 47 146 44 161 37 178 31 197 30 212 35 140 55 141 74 144 94 146 111 116 109 129 116 146 120 159 111 167 102 80 56 88 55 99 54 106 56 99 57 88 57 162 51 172 46 181 45 192 46 182 50 173 51 94 124 112 126 129 128 142 129 154 126 167 121 184 116 168 131 156 139 144 140 130 141 113 135 99 126 129 132 143 133 155 130 176 119 155 130 143 133 129 132
helen/000006.png 36 84 46 112 56 134 67 153 81 172 101 187 125 197 149 205 168 203 186 195 195 177 204 160 212 139 216 121 219 100 218 78 212 56 60 65 78 56 94 50 111 49 130 51 160 46 173 38 186 35 200 34 209 36 150 70 155 83 160 97 164 110 146 130 156 130 166 129 172 125 178 120 85 83 94 75 108 72 118 78 110 83 96 85 170 68 180 59 190 57 200 61 193 67 182 68 132 163 147 153 159 145 168 147 176 141 185 142 193 144 189 156 182 166 175 171 165 174 152 173 139 161 160 154 169 152 177 148 188 145 179 156 171 160 162 163
afw/000007.png 45 58 45 73 45 93 50 109 58 124 70 138 81 153 91 173 108 184 132 180 150 168 168 155 189 136 203 119 212 93 217 67 219 44 36 42 43 38 53 42 63 45 75 50 104 45 117 36 135 32 154 31 172 35 87 58 85 73 83 88 80 104 71 106 75 112 85 117 98 114 111 107 53 59 60 56 70 55 80 58 70 61 61 62 117 58 130 54 140 55 150 57 140 59 130 60 77 125 83 125 89 128 94 129 102 128 119 128 139 128 120 146 105 153 98 152 91 151 83 142 83 130 90 133 95 135 102 135 129 132 103 139 96 139 90 136
afw/000008.png 39 36 36 63 36 89 38 113 46 134 61 155 81 173 105 189 126 193 145 187 163 174 184 158 196 137 204 115 212 94 219 70 220 47 67 36 85 32 103 33 119 35 133 42 163 42 179 38 194 36 210 40 216 51 149 60 148 79 147 98 146 118 122 116 132 123 142 127 151 123 157 118 89 61 99 60 110 60 122 63 110 63 99 63 167 66 177 63 186 63 195 67 186 66 177 66 99 138 115 137 127 136 135 139 143 137 150 140 162 143 149 156 141 161 130 161 120 160 109 154 106 140 126 141 134 142 142 142 154 144 142 149 133 150 123 149
afw/000009.png 24 32 22 47 21 68 24 85 30 98 42 110 50 118 60 124 71 126 82 126 93 120 104 109 112 99 118 87 120 74 121 62 123 50 41 31 48 23 58 21 68 23 77 28 91 29 99 27 106 28 112 31 115 37 84 37 83 49 82 60 81 72 65 70 72 75 78 79 86 76 92 72 54 37 59 35 65 35 69 39 64 40 59 39 93 43 99 40 104 42 108 45 104 46 98 44 53 80 63 83 70 85 75 88 81 88 87 88 92 89 86 94 80 95 73 94 67 92 60 89 56 82 69 88 74 90 81 90 90 89 81 90 74 90 69 88
afw/000010.png 23 38 20 47 19 56 21 65 25 73 29 85 34 94 39 104 50 108 61 107 75 104 88 98 99 89 106 78 110 65 112 54 114 42 24 23 27 18 32 21 38 25 43 30 63 27 73 25 82 24 89 27 94 33 50 38 47 44 45 51 43 58 38 62 41 67 46 69 51 68 56 67 26 35 30 32 36 33 42 38 36 38 30 38 65 40 73 36 79 36 85 40 79 41 73 41 36 81 38 78 43 77 47 79 53 78 60 80 70 80 61 86 53 87 47 88 42 86 38 84 38 82 43 82 47 82 53 82 67 81 53 82 47 82 43 82
300W_outdoor/000011.png 36 87 40 113 47 139 54 165 69 186 92 199 115 211 137 219 157 218 175 209 189 191 201 173 211 151 216 127 217 101 215 79 207 57 55 62 71 54 87 51 106 50 121 56 152 51 161 42 173 37 186 36 199 41 144 69 148 87 152 102 157 118 132 130 144 132 155 133 162 131 170 126 80 83 91 75 103 73 118 77 104 82 92 84 157 71 168 59 181 57 192 59 185 66 173 71 103 153 123 151 140 149 151 149 161 146 172 143 186 139 174 162 164 171 153 174 142 176 124 171 106 155 140 154 151 155 161 151 182 142 163 162 152 166 140 166
300W_outdoor/000012.png 36 62 37 88 37 114 41 142 53 162 68 183 84 202 108 215 130 219 152 215 170 199 185 180 198 160 207 138 211 113 214 91 215 67 55 44 73 37 91 39 106 42 123 47 155 48 169 42 183 41 197 41 212 42 137 67 138 85 139 103 139 121 119 128 128 131 138 132 147 130 156 129 76 66 88 60 99 60 110 69 99 70 87 70 158 71 169 63 182 62 191 67 183 72 170 71 88 144 109 144 125 144 135 147 146 144 158 144 170 145 158 166 146 175 134 178 122 175 107 168 91 145 124 151 134 151 146 151 167 147 146 161 134 163 123 163
300W_outdoor/000013.png 36 48 39 81 39 106 48 140 60 159 74 177 87 194 105 210 130 214 152 209 167 195 182 180 196 161 209 140 215 113 216 84 219 50 51 40 68 40 82 43 97 43 112 48 141 45 157 42 171 38 187 36 208 39 128 67 129 84 129 101 130 118 114 129 122 130 130 133 137 130 145 129 68 64 79 60 91 61 102 69 90 69 78 70 152 67 164 59 176 59 187 63 177 68 164 68 97 159 109 153 119 148 130 150 138 147 151 150 160 157 152 171 140 176 130 177 121 177 109 172 102 160 121 160 129 160 138 159 155 158 139 161 130 162 121 163
300W_outdoor/000014.png 39 87 37 110 36 135 39 160 46 182 62 197 83 209 109 217 132 219 154 216 173 208 190 194 198 177 207 156 212 136 216 114 213 91 58 53 72 40 91 36 109 40 121 49 153 44 169 42 183 44 198 52 207 63 138 64 138 73 138 83 138 93 120 118 128 117 135 117 142 118 151 120 72 72 84 65 98 66 112 72 98 76 85 76 154 76 170 71 180 73 189 80 180 82 169 81 100 155 113 139 126 133 136 134 146 133 157 141 166 158 154 165 143 168 134 167 125 166 113 161 106 154 126 144 135 145 143 146 161 157 143 155 134 155 126 154
lfpw/000015.png 36 39 37 64 41 87 48 110 57 131 69 153 83 174 95 192 117 199 138 197 160 181 178 163 195 143 207 118 212 90 216 64 219 36 45 33 60 34 74 38 88 43 101 51 130 50 149 45 165 40 182 38 197 39 115 65 114 83 113 101 111 117 95 120 103 126 113 130 123 127 131 123 65 59 74 53 86 53 96 62 85 63 73 62 143 65 153 58 166 56 174 62 166 67 154 68 84 135 93 136 104 138 113 141 124 139 138 141 154 140 137 162 124 165 112 165 102 163 91 154 90 140 104 142 113 144 124 144 148 144 124 154 113 153 103 152
lfpw/000016.png 29 36 29 57 32 77 37 95 41 111 50 130 61 146 73 160 94 167 115 164 132 152 148 138 162 122 168 101 169 79 172 58 174 37 35 32 48 27 61 29 72 33 82 39 102 39 116 33 132 30 146 30 159 34 93 47 92 63 92 78 91 94 78 98 84 101 93 104 102 102 109 98 49 47 57 41 67 41 76 49 67 52 56 52 114 52 122 43 134 42 143 49 134 54 123 54 65 114 76 114 85 113 94 115 103 113 114 114 126 115 115 128 104 134 94 135 85 133 75 129 79 120 85 119 94 119 104 119 111 120 104 123 94 123 85 123
lfpw/000017.png 26 43 27 56 31 72 35 86 40 100 47 113 55 126 64 139 78 146 98 145 115 134 131 121 143 107 152 89 155 70 156 51 156 32 27 25 37 26 45 28 54 31 63 36 83 36 96 32 108 29 120 27 132 27 73 47 72 59 72 72 71 84 64 89 68 94 73 96 82 94 89 90 40 41 44 38 55 38 60 45 54 48 45 47 96 47 101 39 110 39 119 43 113 48 103 48 57 105 64 104 70 102 76 106 84 104 93 105 104 106 93 118 83 121 76 121 69 118 64 115 60 107 70 109 76 110 83 109 101 108 83 109 76 110 70 109
lfpw/000018.png 36 49 37 74 42 103 48 128 55 149 68 168 83 186 103 205 130 212 154 207 174 193 190 176 207 154 216 130 217 103 219 77 219 49 44 47 59 40 75 40 89 44 103 50 128 50 145 43 160 38 177 35 196 39 119 67 119 84 119 103 119 123 100 126 110 131 120 137 132 130 142 126 62 66 73 58 87 58 98 69 88 71 73 72 143 69 156 57 171 57 179 63 170 69 157 70 87 147 100 144 112 144 121 147 131 144 145 144 166 145 146 165 133 172 124 173 113 172 100 163 98 152 113 158 123 160 132 159 150 151 132 150 122 151 113 151
